%YAML:1.0
---
R: !!opencv-matrix
   rows: 3
   cols: 3
   dt: d
   data: [ 9.9998354863200867e-01, 5.5309134145175324e-03,
       1.5203493468042067e-03, -5.5914157779396682e-03,
       9.9905143051801293e-01, 4.3185359203211253e-02,
       -1.2800527072840821e-03, -4.3193149650300862e-02,
       9.9906592039181952e-01 ]
T: !!opencv-matrix
   rows: 3
   cols: 1
   dt: d
   data: [ -7.2419869471562549e+01, 8.7164734084082918e-01,
       -1.2117520317540130e+01 ]
R1: !!opencv-matrix
   rows: 3
   cols: 3
   dt: d
   data: [ 9.8605815503475280e-01, -1.3531823416980107e-02,
       1.6584994616963575e-01, 9.9070415213687382e-03,
       9.9969405805106015e-01, 2.2663645463551096e-02,
       -1.6610588616227087e-01, -2.0704590129131589e-02,
       9.8589053881748523e-01 ]
R2: !!opencv-matrix
   rows: 3
   cols: 3
   dt: d
   data: [ 9.8621923954285007e-01, -1.1870159169109589e-02,
       1.6501730477990015e-01, 1.5470556471647611e-02,
       9.9966912205819147e-01, -2.0550140774758939e-02,
       -1.6471877075178781e-01, 2.2819853739777806e-02,
       9.8607655931845128e-01 ]
P1: !!opencv-matrix
   rows: 3
   cols: 4
   dt: d
   data: [ 4.6509773508801931e+02, 0., 1.2611401557922363e+02, 0., 0.,
       4.6509773508801931e+02, 2.4178716468811035e+02, 0., 0., 0., 1.,
       0. ]
P2: !!opencv-matrix
   rows: 3
   cols: 4
   dt: d
   data: [ 4.6509773508801931e+02, 0., 1.2611401557922363e+02,
       -3.4152971181343775e+04, 0., 4.6509773508801931e+02,
       2.4178716468811035e+02, 0., 0., 0., 1., 0. ]
Q: !!opencv-matrix
   rows: 4
   cols: 4
   dt: d
   data: [ 1., 0., 0., -1.2611401557922363e+02, 0., 1., 0.,
       -2.4178716468811035e+02, 0., 0., 0., 4.6509773508801931e+02, 0.,
       0., 1.3618075353340888e-02, 0. ]
