%YAML:1.0
---
R: !!opencv-matrix
   rows: 3
   cols: 3
   dt: d
   data: [ 9.9942143846736198e-01, 5.2222464014029125e-03,
       3.3608279848155162e-02, -3.3849171449979224e-03,
       9.9850828283497883e-01, -5.4495425916891098e-02,
       -3.3842734342106245e-02, 5.4350135717078953e-02,
       9.9794826122388969e-01 ]
T: !!opencv-matrix
   rows: 3
   cols: 1
   dt: d
   data: [ 8.5482830771340559e+01, 4.6632431218807135e-01,
       -6.6283836363404154e+00 ]
R1: !!opencv-matrix
   rows: 3
   cols: 3
   dt: d
   data: [ 9.9901353617020405e-01, 6.4355382749121661e-03,
       -4.3937892482647747e-02, -7.6341306908595859e-03,
       9.9960178026198399e-01, -2.7166172819649836e-02,
       4.3745566601650597e-02, 2.7474801986262731e-02,
       9.9866483900181247e-01 ]
R2: !!opencv-matrix
   rows: 3
   cols: 3
   dt: d
   data: [ 9.9699247634769361e-01, 5.4387743900662497e-03,
       -7.7307320735022292e-02, -3.3225554152238883e-03,
       9.9961693018638287e-01, 2.7476417347697912e-02,
       7.7427144669078518e-02, -2.7136923515499470e-02,
       9.9662862925490325e-01 ]
P1: !!opencv-matrix
   rows: 3
   cols: 4
   dt: d
   data: [ 6.7927978684887637e+02, 0., 7.1690097808837891e+02, 0., 0.,
       6.7927978684887637e+02, 3.5234857940673828e+02, 0., 0., 0., 1.,
       0. ]
P2: !!opencv-matrix
   rows: 3
   cols: 4
   dt: d
   data: [ 6.7927978684887637e+02, 0., 7.1690097808837891e+02,
       5.8241923026653254e+04, 0., 6.7927978684887637e+02,
       3.5234857940673828e+02, 0., 0., 0., 1., 0. ]
Q: !!opencv-matrix
   rows: 4
   cols: 4
   dt: d
   data: [ 1., 0., 0., -7.1690097808837891e+02, 0., 1., 0.,
       -3.5234857940673828e+02, 0., 0., 0., 6.7927978684887637e+02, 0.,
       0., -1.1663072775567825e-02, 0. ]
