%YAML:1.0
---
M1: !!opencv-matrix
   rows: 3
   cols: 3
   dt: d
   data: [ 8.5441064168929574e+02, 0., 6.4814847719126965e+02, 0.,
       8.4738171028736235e+02, 3.6818904461831761e+02, 0., 0., 1. ]
D1: !!opencv-matrix
   rows: 1
   cols: 14
   dt: d
   data: [ -8.4819360327053700e-02, -1.5725833638071535e-01, 0., 0., 0.,
       0., 0., -1.8530786895439669e-01, 0., 0., 0., 0., 0., 0. ]
M2: !!opencv-matrix
   rows: 3
   cols: 3
   dt: d
   data: [ 8.5441064168929574e+02, 0., 6.1640921632544928e+02, 0.,
       8.4738171028736235e+02, 3.3541729278425350e+02, 0., 0., 1. ]
D2: !!opencv-matrix
   rows: 1
   cols: 14
   dt: d
   data: [ -1.1088619668341196e-01, 2.6381355476260152e-02, 0., 0., 0.,
       0., 0., -1.1481608113494601e-01, 0., 0., 0., 0., 0., 0. ]
