%YAML:1.0
---
M1: !!opencv-matrix
   rows: 3
   cols: 3
   dt: d
   data: [ 7.0893238597579807e+02, 0., 3.2024150919681102e+02, 0.,
       9.3913325163163211e+02, 2.3712587030739587e+02, 0., 0., 1. ]
D1: !!opencv-matrix
   rows: 1
   cols: 14
   dt: d
   data: [ -1.3685502040050279e-01, 2.4119607411640234e-01, 0., 0., 0.,
       0., 0., -2.7122766789554231e+00, 0., 0., 0., 0., 0., 0. ]
M2: !!opencv-matrix
   rows: 3
   cols: 3
   dt: d
   data: [ 7.0893238597579807e+02, 0., 3.1585546626588842e+02, 0.,
       9.3913325163163211e+02, 2.4813482696639605e+02, 0., 0., 1. ]
D2: !!opencv-matrix
   rows: 1
   cols: 14
   dt: d
   data: [ -1.2535769502498681e-01, 6.2571888366102713e-01, 0., 0., 0.,
       0., 0., 1.9669905840566755e+00, 0., 0., 0., 0., 0., 0. ]
